kinematics:
  shoulder:
    x: 0
    y: 0
    z: 0.1519543769020901
    roll: -0
    pitch: 0
    yaw: 5.482843307841323e-09
  upper_arm:
    x: -3.033556623276884e-05
    y: 0
    z: 0
    roll: 1.571257837012167
    pitch: 0
    yaw: 7.374911352646656e-06
  forearm:
    x: -0.2437842819660514
    y: 0
    z: 0
    roll: 3.138986663710727
    pitch: 3.140396593257169
    yaw: -3.141581752094464
  wrist_1:
    x: -0.2130827725822853
    y: 0.000405955935398703
    z: 0.1313287923657392
    roll: 3.13850152151508
    pitch: 3.139442863351097
    yaw: 3.141590243432377
  wrist_2:
    x: 0.0001198082449722018
    y: -0.0853798360374985
    z: -8.068789716652222e-05
    roll: 1.571741372802129
    pitch: 0
    yaw: -2.207984440491528e-07
  wrist_3:
    x: -0.0001016458494975225
    y: 0.09236383635938361
    z: -0.000217063773214778
    roll: 1.568446236303191
    pitch: 3.141592653589793
    yaw: 3.141592474876849
  hash: calib_11945148711542079386